0.0057918
0.0056482
0.0056482
0.0056482
0.0056482
0.0056482
0.0056482
0.0056482
0.0056482
0.0056482
0.0056482
0.0056482
0.0056482
0.0056482
0.0056482
0.0056482
0.0056482
0.0056482
0.0056482
0.0056482
0.0056482
0.0056482
0.0056482
0.0056482
0.0056482
0.0056482
0.0056482
0.0056482
0.0056482
0.0056482
0.0056482
0.0056482
0.0056482
0.0056482
0.0056482
0.0056482
0.0056482
0.0056482
0.0056482
0.0056482
0.0056482
0.0056482
0.0056482
0.0056482
0.0056482
0.0056482
0.0056482
0.0056482
0.0056482
0.0056482
0.0056482
0.0056482
0.0056482
0.0056482
0.0056482
0.0056482
0.0056482
0.0056482
0.00556698
0.00598063
0.00566278
0.00636771
0.00636525
0.00631928
0.00629705
0.0056856
0.005967
0.00596505
0.00642082
0.00698946
0.00680631
0.00625981
0.00585609
0.00627047
0.00657171
0.00666161
0.00662538
0.00667906
0.00580115
0.00600824
0.0060726
0.00672132
0.00590094
0.00672399
0.0062735
0.00620259
0.00622244
0.00625568
0.00617145
0.0059606
0.00637024
0.00638202
0.00601235
0.00577676
0.00583938
0.00571676
0.0059387
0.00607039
0.0060108
0.00658586
0.00661503
0.00572018
0.00607944
0.00651474
0.00569086
0.0062051
0.00702397
0.00703674
0.00642093
0.00666838
0.00582156
0.00563122
0.00597705
0.00660977
0.00611192
0.00618718
0.00670497
0.00648094
0.00624887
0.00574735
0.00584685
0.00613244
0.00695026
0.00665256
0.00649518
0.00633647
0.00605851
0.00607654
0.0060157
0.00623525
0.00617805
0.00605728
0.00609246
0.00629485
0.00626253
0.00647775
0.00644498
0.0061159
0.00615054
0.00608613
0.00603279
0.00637983
0.00646096
0.00608792
0.00612414
0.00549951
0.0062334
0.00537368
0.0055891
0.0059006
0.00619567
0.0060967
0.00605958
0.00616403
0.00614662
0.00618842
0.00604347
0.0061986
0.00572523
0.00551094
0.00599764
0.00588536
0.00591606
0.00613475
0.00563653
0.00620294
0.00615855
0.00592027
0.00581834
0.00588469
0.00578175
0.00601749
0.0054083
0.00589787
0.00596871
0.00588218
0.00629773
0.00600918
0.00596342
0.0062888
0.00609403
0.00627173
0.00634402
0.00677357
0.00656452
0.00573954
0.00590024
0.00594247
0.00615658
0.00636496
0.00587143
0.00596307
0.00568892
0.00546043
0.00596666
0.00539695
0.00603936
0.00613676
0.00633748
0.00656215
0.00595958
0.00561915
0.00544981
0.00584275
0.994388
0.00579509
0.00504134
0.994072
0.00601754
0.00543712
0.994962
0.00610537
0.00594851
0.00563377
0.00553538
0.00539023
0.00546108
0.00549071
0.00538128
0.00568617
0.00557487
0.00534306
0.00597908
0.00576822
0.00586495
0.00574906
0.00539078
0.00534122
0.00548915
0.00539649
0.00548246
0.0058644
0.00573737
0.00583329
0.00579862
0.00557418
0.00541606
0.994389
0.00550235
0.00547664
0.994501
0.00639118
0.00558454
0.00551669
0.0058003
0.00612548
0.00536716
0.00603023
0.993916
0.00542117
0.00558221
0.00540218
0.00561324
0.00580641
0.00553432
0.0057202
0.994331
0.00554966
0.00614015
0.00571378
0.00553431
0.00540524
0.0054894
0.005405
0.00572959
0.00549063
0.00570211
0.00586837
0.00567188
0.00543321
0.00560577
0.00589785
0.993997
0.0055386
0.00575817
0.00552315
0.00591682
0.00537674
0.00541579
0.00509029
0.994228
0.005493
0.00520991
0.994501
0.00515787
0.00510065
0.995297
0.00515106
0.00558297
0.00537216
0.0051843
0.00536519
0.00533218
0.00572726
0.00562726
0.00581352
0.00545402
0.00544178
0.00533905
0.00537552
0.00592748
0.00617722
0.00616207
0.00510167
0.00567072
0.00525936
0.00532369
0.00518299
0.00538835
0.00539287
0.00540738
0.0049155
0.00523497
0.00524957
0.00535836
0.00541122
0.00572368
0.00544547
0.00539047
0.00546484
0.00551193
0.00516999
0.0053921
0.00496771
0.00484904
0.00526072
0.0054862
0.00544097
0.00499894
0.00538818
0.994546
0.00612519
0.00572392
0.00617588
0.00571887
0.00558968
0.00533084
0.00538762
0.00543867
0.0052287
0.00528031
0.00605442
0.00549431
0.00562278
0.00548267
0.00557905
0.00605944
0.00619984
0.00573462
0.00598828
0.00630103
0.00608497
0.00651479
0.00630928
0.00658866
0.00657239
0.00656457
0.00575146
0.00629997
0.00606467
0.00595169
0.00618055
0.00709307
0.0060527
0.00601012
0.00651646
0.00611427
0.00575325
0.00628418
0.00573299
0.00621906
0.00621452
0.00576774
0.00623682
0.00595374
0.00540606
0.00630491
0.00642633
0.00584637
0.00624359
0.00631941
0.00626646
0.00630738
0.00612442
0.00599049
0.006315
0.00570446
0.00583878
0.00626874
0.00613429
0.00664503
0.00614788
0.00600301
0.994039
0.00631904
0.0062577
0.00699618
0.00661403
0.00668669
0.0067536
0.00588294
0.00597216
0.00609808
0.00623585
0.00627697
0.993511
0.00600696
0.00583061
0.00635712
0.00608421
0.00650195
0.00613176
0.00654306
0.993584
0.00639458
0.00690192
0.00683796
0.00670921
0.993498
0.00671753
0.993687
0.00624427
0.00575728
0.00567191
0.00576576
0.00589173
0.00575167
0.00581341
0.00575005
0.00566339
0.005762
0.00554119
0.00624466
0.00643219
0.00691771
0.00696476
0.00696476
0.00696476
0.00696476
0.00696476
0.00696476
0.00696476
0.00696476
0.00696476
0.00696476
0.00696476
0.00696476
0.00696476
0.00696476
0.00696476
0.00696476
0.00696476
0.00696476
0.00696476
0.00696476
0.00696476
0.00696476
0.00696476
0.00696476
0.00696476
0.00696476
0.00696476
0.00679985
0.00663741
0.00635699
0.00544287
0.00562987
0.00568311
0.00640224
0.00597522
0.00568587
0.00597934
0.00588172
0.00568183
0.00621732
0.00571067
0.0058177
0.00620061
0.00593246
0.00659268
0.00576715
0.0058252
0.00580671
0.00546625
0.0057276
0.00557799
0.00548581
0.00604929
0.00593411
0.00598946
0.00603773
0.00608402
0.00563768
0.00619274
0.00600945
0.00603564
0.00588138
0.00605105
0.00613667
0.00609284
0.00590765
0.00584089
0.00598786
0.0055628
0.00571033
0.00586376
0.00597477
0.0061691
0.00576408
0.00590061
0.00577107
0.0058418
0.00570276
0.00576831
0.0060994
0.00600846
0.00603911
0.00586755
0.0060382
0.00631859
0.00552612
0.00591316
0.00560662
0.00567653
0.00593274
0.00610095
0.00584613
0.00543354
0.00635238
0.00568305
0.00607068
0.00590056
0.00601851
0.00576337
0.0056166
0.00572465
0.0060018
0.00655927
0.00686916
0.00650823
0.00670088
0.00565807
0.00609573
0.00596648
0.00609056
0.00556813
0.00578826
0.00629143
0.0063057
0.0060602
0.00621911
0.00631178
0.00626763
0.0062595
0.00615742
0.00607881
0.00643148
0.00679756
0.00675082
0.00645197
0.00631156
0.00622036
0.00642371
0.005911
0.00623555
0.00561593
0.00514276
0.00541225
0.00549208
0.0054601
0.00542204
0.00527682
0.00581473
0.00561611
0.00580109
0.00586933
0.00598893
0.00612849
0.0061343
0.00644913
0.00628158
0.00555505
0.00592421
0.00583509
0.00548434
0.00549129
0.00566119
0.00584168
0.00567773
0.00577044
0.0063502
0.00613123
0.00574918
0.00526286
0.00528873
0.00555886
0.00613405
0.00521341
0.0052768
0.00519631
0.00528469
0.00549991
0.00571261
0.00551141
0.00543501
0.00542268
0.00595126
0.00523668
0.00563309
0.00596268
0.00551578
0.00571913
0.00507408
0.00496577
0.00528373
0.00528178
0.00502016
0.00502569
0.00505181
0.00536161
0.00620862
0.00541449
0.00509007
0.00477532
0.00527589
0.00518654
0.0058817
0.00520622
0.00499152
0.00552393
0.00535808
0.00577765
0.00566152
0.00534057
0.00551278
0.00555377
0.00525156
0.00542254
0.00549583
0.00526608
0.00571112
0.00579903
0.005004
0.00595245
0.00540176
0.00563344
0.00633852
0.00593194
0.00611772
0.00645879
0.00618097
0.00556184
0.0063811
0.00541735
0.00594001
0.00516029
0.00568084
0.00554423
0.00614294
0.00581441
0.00567758
0.00620592
0.00552674
0.00605379
0.00644027
0.00540491
0.00559404
0.00605088
0.00616979
0.00622
0.00610298
0.00578654
0.994569
0.00497373
0.0049987
0.00562039
0.00587492
0.00542213
0.00533517
0.00558435
0.00583299
0.00571368
0.00610266
0.00609168
0.00582834
0.00564873
0.00566127
0.00501369
0.00511863
0.994697
0.00574727
0.00520782
0.00487878
0.00530109
0.00559777
0.00485285
0.994487
0.00528913
0.00573907
0.0058683
0.00536855
0.00529225
0.00569341
0.00556573
0.00556414
0.00599193
0.00537192
0.0058269
0.00568129
0.00578909
0.993376
0.0060302
0.00584652
0.00621547
0.00588337
0.00566612
0.00584956
0.0056394
0.00591556
0.00574671
0.00546969
0.00571639
0.00562544
0.00589566
0.00602766
0.00651238
0.00547192
0.00631259
0.00585255
0.00591265
0.00577674
0.00600594
0.00591975
0.00558361
0.0059807
0.00547797
0.00627472
0.00521332
0.00517654
0.00567367
0.00579806
0.00548457
0.00584808
0.00582729
0.00562426
0.00540696
0.00575185
0.00614172
0.00639175
0.00588193
0.0058949
0.00558368
0.00541779
0.00606713
0.00643961
0.0059699
0.00574228
0.0056941
0.0057716
0.00587484
0.00512987
0.00575576
0.00529033
0.00527743
0.0055074
0.00599295
0.00571547
0.00613902
0.00533557
0.00558339
0.994373
0.00515707
0.00542374
0.00523151
0.00551878
0.00614697
0.00628514
0.00546034
0.00508284
0.00605865
0.00589568
0.0052221
0.00506925
0.00571416
0.00606765
0.00588126
0.00585517
0.0055121
0.00642626
0.00593876
0.00555896
0.0058776
0.00561085
0.00495624
0.00560922
0.00536837
0.00584041
0.00608674
0.00585373
0.0061961
0.00567915
0.00569658
0.00600741
0.00607607
0.00561945
0.00553924
0.00618071
0.00551279
0.00621652
0.00625188
0.00608779
0.00561089
0.00575357
0.00597955
0.00562671
0.00542824
0.0055157
0.00570109
0.00584292
0.00530326
0.00545633
0.00558238
0.00533859
0.00559872
0.00579419
0.00579895
0.00576788
0.00607454
0.00534332
0.00537325
0.00567371
0.00499799
0.00590578
0.0061789
0.00581774
0.00557832
0.00552428
0.00567581
0.00523906
0.00622943
0.00574236
0.00591823
0.00628409
0.99479
0.00526449
0.00556067
0.00563773
0.00557282
0.994424
0.00587167
0.00546024
0.00554173
0.0058531
0.005562
0.994694
0.0054037
0.00560774
0.00559338
0.0062553
0.00642684
0.00553136
0.00622917
0.00600423
0.00596644
0.00551961
0.00609982
0.0065446
0.00601583
0.00600039
0.006442
0.00583405
0.00628814
0.00602325
0.00642296
0.00612896
0.00678713
0.00719076
0.00746318
0.00672789
0.00607359
0.00618105
0.00616298
0.00646001
0.00535774
0.00678652
0.00579788
0.0056943
0.00473401
0.995124
0.0057318
0.00566712
0.0056612
0.00576224
0.00565001
0.00556675
0.00567354
0.0054668
0.00514784
0.00537884
0.00474652
0.0054109
0.00550586
0.00557537
0.00589081
0.0055695
0.006347
0.00567187
0.00582217
0.00601372
0.00595582
0.00622895
0.00653813
0.00556412
0.00581762
0.00559311
0.00499485
0.00551584
0.00551279
0.00569223
0.005356
0.00550223
0.00544513
0.00536477
0.00527832
0.00563897
0.0054
0.0055226
0.00557612
0.00538572
0.00565487
0.00565418
0.00565399
0.00543164
0.00552881
0.00574795
0.005531
0.00607794
0.0057859
0.00544813
0.0059466
0.00568488
0.00533635
0.00527673
0.00539711
0.00518346
0.00547724
0.00569152
0.00539495
0.00537388
0.00523745
0.00550177
0.00587053
0.00534261
0.00523338
0.00579605
0.00536061
0.00513906
0.00590619
0.0053693
0.00512032
0.00551946
0.00575764
0.00557537
0.00565059
0.00579467
0.00550395
0.00591711
0.0063806
0.00585536
0.0052419
0.00527486
0.00579016
0.00549663
0.00570348
0.00574642
0.00544752
0.00541315
0.00543569
0.00533989
0.0057158
0.00547323
0.00484786
0.00534729
0.00561463
0.00513808
0.00518738
0.00561207
0.00545667
0.00518896
0.00530711
0.00530127
0.00516448
0.00546339
0.00605787
0.00557371
0.00630691
0.00610753
0.00665666
0.00679215
0.00676616
0.00675512
0.00692151
0.00628322
0.00622093
0.00635583
0.00626406
0.00626645
0.0061698
0.00628475
0.0059101
0.006198
0.00630125
0.00634241
0.00625207
0.00652419
0.00566004
0.00607773
0.00609258
0.00658734
0.0058579
0.00615133
0.00641163
0.00618008
0.00625885
0.00644942
0.00602318
0.00630923
0.00608879
0.0058919
0.00566427
0.00544603
0.00622804
0.0060827
0.00514607
0.00526898
0.00526043
0.00545775
0.00576038
0.00629532
0.00586399
0.00634272
0.00613573
0.00585936
0.00573782
0.00547952
0.00552541
0.00599398
0.00558996
0.00603232
0.00595614
0.00621171
0.00566945
0.00602577
0.00580999
0.00599721
0.00577099
0.00529361
0.00583867
0.00684764
0.0058169
0.00555555
0.00561136
0.00534427
0.00549663
0.00552907
0.00546739
0.00557541
0.00551731
0.00575564
0.00479457
0.00521831
0.00529135
0.00556214
0.00551071
0.00574881
0.00583157
0.00565194
0.00531649
0.994428
0.00638224
0.00643515
0.00639415
0.00618345
0.994174
0.00627798
0.0056889
0.00651706
0.00607082
0.00631953
0.994107
0.00549035
0.00598452
0.0056439
0.00581892
0.00594915
0.00549349
0.00570029
0.00579885
0.0054836
0.00601087
0.0060496
0.994097
0.00593528
0.00589948
0.00620423
0.00570471
0.00560276
0.0059031
0.00584978
0.00527533
0.00624105
0.00603184
0.00562621
0.00571446
0.00576565
0.00557699
0.00591416
0.00589875
0.00611305
0.00623186
0.0061453
0.00610502
0.00567778
0.00587784
0.00552295
0.00550932
0.00583139
0.00575809
0.00561158
0.00577607
0.00577955
0.00559471
0.00581325
0.00589281
0.00551774
0.00580353
0.00558051
0.00557126
0.00566897
0.00542184
0.00565848
0.00569546
0.00568493
0.00572501
0.00568055
0.00588368
0.005859
0.00547747
0.00595059
0.00640333
0.00555988
0.00623804
0.0058557
0.00584155
0.00611048
0.00599568
0.00618001
0.00565782
0.0054823
0.00566823
0.00573467
0.0053483
0.00572999
0.0057614
0.00602917
0.00584776
0.00630987
0.00607067
0.00605683
0.0058782
0.00569288
0.00649356
0.00627965
0.00601952
0.00597078
0.00629281
0.00660185
0.00625614
0.0057991
0.00626918
0.00579569
0.00619943
0.00600584
0.00583118
0.00614757
0.00638187
0.0056866
0.00564833
0.00631578
0.00574899
0.00545879
0.00555857
0.00668426
0.00611236
0.00650307
0.00640186
0.00625137
0.00625137
0.00625137
0.00625137
0.00625137
0.00625137
0.00625137
0.00625137
0.00625137
0.00625137
0.00625137
0.00625137
0.00625137
0.00625137
0.00625137
0.00625137
0.00625137
0.00625137
0.00625137
0.00625137
0.00625137
0.00625137
0.00625137
0.00625137
0.00625137
0.00625137
0.00625137
0.00606286
0.00636704
0.00683294
0.00604755
0.00613863
0.00607238
0.00585095
0.00605692
0.00686576
0.00676436
0.00566168
0.0058286
0.00533925
0.00535814
0.00582178
0.00583377
0.00588219
0.00580577
0.00552779
0.00593507
0.00611081
0.00559619
0.00550032
0.00572869
0.00567548
0.0054218
0.0056083
0.0061108
0.00550267
0.00529064
0.00559593
0.00522572
0.00543307
0.00543258
0.00519242
0.00556871
0.00553453
0.00553276
0.00585733
0.00571629
0.00570496
0.00520785
0.00545615
0.00538027
0.00515907
0.00515338
0.00586543
0.00586836
0.005283
0.00513727
0.00558113
0.00483139
0.00486463
0.00506454
0.00556339
0.00516451
0.0053926
0.00481287
0.00576234
0.00570475
0.00515133
0.00591176
0.00542701
0.00552468
0.00570901
0.00599123
0.00570151
0.00559552
0.00580762
0.00563645
0.00522525
0.00523407
0.00538273
0.00507217
0.00510094
0.00511368
0.00565248
0.00568257
0.0055636
0.00578268
0.00594631
0.00559254
0.00590624
0.00635358
0.00602347
0.00632455
0.00576747
0.00628973
0.00611241
0.00636891
0.00621389
0.00616085
0.00578199
0.00534171
0.00531905
0.00570449
0.00607905
0.00586357
0.00585664
0.0054811
0.00611391
0.00590327
0.00528323
0.00530752
